1.000000000 0.000000000 0.000000000 0.000000000 0.000000000 1.000000000 0.000000000 0.000000000 0.000000000 0.000000000 1.000000000 0.000000000
0.999963760 -0.007364308 0.004270005 0.003984485 0.007395266 0.999946177 -0.007280076 -0.003059358 -0.004216162 0.007311391 0.999964356 -0.000825124
0.999926031 -0.009169623 0.007987769 0.006889031 0.009244065 0.999913692 -0.009332918 -0.004587797 -0.007901501 0.009406067 0.999924541 -0.000198690
0.999904454 -0.008358654 0.011010895 0.009988268 0.008429981 0.999943674 -0.006447460 -0.006339588 -0.010956383 0.006539665 0.999918580 -0.000951804
0.999905884 -0.006852729 0.011884809 0.012515848 0.006881982 0.999973357 -0.002422233 -0.007572255 -0.011867894 0.002503796 0.999926448 -0.000737978
0.999868929 -0.010356239 0.012446661 0.015324245 0.010348389 0.999946237 0.000694950 -0.008418215 -0.012453188 -0.000566056 0.999922276 -0.001729849
0.999798775 -0.013819087 0.014542748 0.017092142 0.013798985 0.999903679 0.001481708 -0.007732263 -0.014561824 -0.001280735 0.999893129 -0.001280552
0.999708295 -0.018997962 0.014911346 0.018460147 0.018967200 0.999817669 0.002201592 -0.008260104 -0.014950453 -0.001918123 0.999886394 -0.001924959
0.999697030 -0.020430325 0.013728138 0.017395966 0.020397965 0.999788821 0.002493172 -0.008268102 -0.013776175 -0.002212391 0.999902666 -0.003351687
0.999757886 -0.018539533 0.011851038 0.016101507 0.018484559 0.999817967 0.004731600 -0.007768188 -0.011936602 -0.004511394 0.999918580 -0.002408423
0.999848068 -0.014002049 0.010379261 0.013430333 0.013904491 0.999859035 0.009412763 -0.007904852 -0.010509596 -0.009267014 0.999901831 -0.002770377
0.999920964 -0.007937740 0.009748931 0.010751943 0.007813728 0.999888897 0.012693336 -0.006796128 -0.009848604 -0.012616158 0.999871910 -0.001362095
0.999948621 -0.001235854 0.010058370 0.005823815 0.001084564 0.999886394 0.015032863 -0.006914060 -0.010075807 -0.015021183 0.999836385 -0.001961492
0.999952316 0.003406131 0.009152813 0.001720135 -0.003557710 0.999855936 0.016595948 -0.005354617 -0.009094967 -0.016627720 0.999820411 -0.001227906
0.999934196 0.008365153 0.007850731 -0.002699396 -0.008513074 0.999783218 0.019001232 -0.003594004 -0.007690081 -0.019066816 0.999788642 -0.000267320
0.999898732 0.012641852 0.006537484 -0.007010124 -0.012777322 0.999695420 0.021113126 -0.002554241 -0.006268585 -0.021194519 0.999755740 -0.000099241
0.999824643 0.018009501 0.005131192 -0.012610849 -0.018119710 0.999586940 0.022308676 -0.000406758 -0.004727304 -0.022397738 0.999737978 -0.001059223
0.999737203 0.022833675 0.002038588 -0.016570142 -0.022876212 0.999447703 0.024103090 0.002508664 -0.001487100 -0.024143392 0.999707401 0.000077839
0.999551773 0.029935429 0.000385329 -0.021762803 -0.029934518 0.999162078 0.027911043 0.004262042 0.000450523 -0.027910067 0.999610364 -0.001560751
0.999293447 0.037556782 -0.001448841 -0.025357146 -0.037487771 0.998742044 0.033302475 0.007176521 0.002697753 -0.033224631 0.999444246 -0.001119210
0.998951793 0.045737285 -0.001836780 -0.029830217 -0.045623519 0.998115242 0.041042488 0.009155588 0.003710490 -0.040915668 0.999155700 -0.002115115
0.998569906 0.053395815 -0.002658868 -0.032424517 -0.053205483 0.997415185 0.048292205 0.012193891 0.005230597 -0.048081677 0.998829722 -0.001545620
0.998122156 0.061170291 -0.003226254 -0.034480210 -0.060899921 0.996619165 0.055149432 0.015134700 0.006588854 -0.054849390 0.998472929 -0.002409711
0.997591019 0.069293119 -0.003259437 -0.036848605 -0.068967871 0.995766640 0.060763504 0.018133719 0.007456132 -0.060392331 0.998146892 -0.003481822
0.997144759 0.075426102 -0.003632837 -0.036815047 -0.075033166 0.995072067 0.064819925 0.021013230 0.008504050 -0.064362265 0.997890353 -0.004046444
0.996709764 0.080998242 -0.002989386 -0.035647523 -0.080631651 0.994606495 0.065241337 0.024362948 0.008257696 -0.064785637 0.997865021 -0.003319510
0.996454179 0.084120117 -0.001705863 -0.034411564 -0.083848014 0.994502842 0.062718451 0.026993645 0.006972368 -0.062353026 0.998029828 -0.004478383
0.996367693 0.085133553 -0.001921389 -0.032004952 -0.084866390 0.994592130 0.059868306 0.029911449 0.007007801 -0.059487786 0.998204410 -0.005140176
0.996464908 0.083939590 -0.003432162 -0.029762309 -0.083587699 0.994721234 0.059521016 0.031853799 0.008410214 -0.059023719 0.998221159 -0.005912650
0.996335864 0.085508361 -0.001774442 -0.027772114 -0.085243672 0.994510889 0.060676746 0.034185667 0.006953071 -0.060303155 0.998155892 -0.005620158
0.995948553 0.089924738 0.000028782 -0.023835583 -0.089746527 0.993954599 0.063244283 0.036434092 0.005658617 -0.062990636 0.997998059 -0.003681951
0.995483756 0.094919831 0.001527089 -0.021519706 -0.094810985 0.993272543 0.066486679 0.038557075 0.004794088 -0.066331193 0.997786164 -0.003501765
0.995070219 0.099153742 0.001944204 -0.018094407 -0.099047236 0.992633104 0.069779046 0.040794395 0.004988972 -0.069627620 0.997560561 -0.003049369
0.994644284 0.103329390 0.002403120 -0.015283733 -0.103228383 0.991973758 0.073020294 0.044054281 0.005161310 -0.072877288 0.997327566 -0.002482210
0.994466007 0.105027109 0.002582370 -0.011983661 -0.104924686 0.991654158 0.074919090 0.047186062 0.005307717 -0.074775442 0.997186244 -0.001798330
0.994615912 0.103624091 0.001113120 -0.008651225 -0.103417657 0.991832554 0.074651979 0.049289517 0.006631714 -0.074365161 0.997209013 -0.003037656
0.994540155 0.104332767 -0.002137296 -0.005238999 -0.103935309 0.992170095 0.069253109 0.051295757 0.009345930 -0.068652861 0.997596860 0.000142651
0.994500995 0.104652599 -0.003955844 -0.003854088 -0.104178250 0.992443681 0.064826071 0.052786719 0.010710169 -0.064057477 0.997888744 -0.001925143
0.994574547 0.103983477 -0.002990125 -0.001718265 -0.103569977 0.992490888 0.065077573 0.054290954 0.009734664 -0.064414814 0.997875750 -0.004483474
0.994812489 0.101722233 -0.000833874 0.002201551 -0.101415075 0.992381990 0.069949813 0.056771029 0.007942973 -0.069502376 0.997550189 -0.002960716
0.995226800 0.097540885 0.003069290 0.003379836 -0.097478017 0.992100894 0.078954943 0.057381548 0.004656288 -0.078877255 0.996873438 -0.003629281
0.995651126 0.093040168 0.004729907 0.007424849 -0.093105532 0.992041230 0.084767558 0.060317911 0.003194525 -0.084839299 0.996389508 -0.001870600
0.996035099 0.088688925 0.006955752 0.008532302 -0.088958152 0.992295802 0.086229317 0.059583362 0.000745422 -0.086506195 0.996251047 -0.002604696
0.996265054 0.086134031 0.006074438 0.008585829 -0.086343050 0.992990196 0.080717742 0.058005642 0.000920686 -0.080940746 0.996718466 -0.002984321
0.996233702 0.086638488 0.003485985 0.007119532 -0.086662248 0.993582010 0.072694428 0.055704214 0.002834522 -0.072722748 0.997348189 -0.002892949
0.995950162 0.089903727 -0.000793360 0.005738325 -0.089677192 0.993993998 0.062720634 0.052939720 0.006427414 -0.062395476 0.998030782 -0.001020785
0.995710790 0.092376016 -0.005162830 0.003420607 -0.091973528 0.994342446 0.053140771 0.049935721 0.010042554 -0.052437998 0.998573661 -0.001391003
0.995287538 0.096599348 -0.008443856 0.000512175 -0.096116111 0.994314551 0.045828696 0.047640949 0.012822871 -0.044801138 0.998913646 -0.001952276
0.995115697 0.097967543 -0.012126537 -0.000999828 -0.097393587 0.994390965 0.041244056 0.045150656 0.016099097 -0.039861564 0.999075532 -0.002294500
0.994723558 0.101597622 -0.014247070 -0.003613498 -0.101005271 0.994179666 0.037479438 0.043129187 0.017971968 -0.035842650 0.999195814 -0.002011088
0.994430423 0.104083031 -0.016578754 -0.006330650 -0.103500418 0.994088471 0.032799762 0.040882055 0.019894646 -0.030901173 0.999324441 -0.002440613
0.994225323 0.105541684 -0.019415716 -0.008655437 -0.105009973 0.994114637 0.026626091 0.039464347 0.022111611 -0.024433490 0.999456882 -0.001114867
0.994394124 0.103750587 -0.020400794 -0.010149711 -0.103312165 0.994416893 0.021485982 0.037948150 0.022516077 -0.019257884 0.999561012 -0.001542179
0.994815171 0.099745944 -0.019838234 -0.011024977 -0.099384598 0.994878292 0.018437607 0.036865555 0.021575704 -0.016370397 0.999633193 -0.000100325
0.995247066 0.095605619 -0.018515097 -0.011651875 -0.095288366 0.995298982 0.017321531 0.035568058 0.020084092 -0.015474929 0.999678552 -0.000404963
0.995578289 0.092398927 -0.016920460 -0.012634824 -0.092128262 0.995616436 0.016133765 0.034534629 0.018337032 -0.014503573 0.999726653 -0.000518744
0.995838344 0.089670658 -0.016285285 -0.013427932 -0.089452431 0.995897293 0.013669320 0.033416595 0.017444210 -0.012155675 0.999773920 0.000118974
0.996175766 0.085530363 -0.017844841 -0.013919715 -0.085352197 0.996295333 0.010519100 0.031967565 0.018678434 -0.008955777 0.999785423 -0.000530312
0.996387303 0.082755066 -0.019077104 -0.014822799 -0.082630567 0.996554077 0.007226174 0.030607598 0.019609367 -0.005623716 0.999791920 -0.000956490
0.996471345 0.081468843 -0.020189952 -0.014885955 -0.081397273 0.996672273 0.004342921 0.028679784 0.020476578 -0.002684189 0.999786735 -0.000862332
0.996388793 0.082343243 -0.020710297 -0.014896798 -0.082345545 0.996603549 0.000743108 0.027239487 0.020701146 0.000964976 0.999785244 -0.001010984
0.996249735 0.083974808 -0.020848548 -0.015177637 -0.084035799 0.996460617 -0.002065215 0.025476415 0.020601330 0.003809494 0.999780536 -0.001968354
0.996238649 0.084041640 -0.021107128 -0.015109120 -0.084150299 0.996443748 -0.004312015 0.024022430 0.020669678 0.006071967 0.999767900 -0.001729470
0.996341765 0.082798205 -0.021155013 -0.014991517 -0.082964197 0.996527314 -0.007091370 0.022257879 0.020494396 0.008820537 0.999751031 -0.001595682
0.996461034 0.081276745 -0.021435840 -0.014047894 -0.081513859 0.996617615 -0.010428895 0.021764340 0.020515708 0.012139305 0.999715805 -0.001448196
0.996558666 0.080292150 -0.020591665 -0.013031540 -0.080555424 0.996674359 -0.012290441 0.020720253 0.019536359 0.013906916 0.999712408 -0.001042833
0.996747911 0.078491658 -0.018238941 -0.012036491 -0.078731194 0.996813595 -0.012807580 0.018921949 0.017175537 0.014201902 0.999751627 -0.001789934
0.997110963 0.074330710 -0.015642019 -0.010696326 -0.074534647 0.997135162 -0.012885468 0.018783327 0.014639421 0.014014115 0.999794602 0.000093487
0.997455776 0.070063770 -0.013153163 -0.009214895 -0.070216157 0.997465432 -0.011504396 0.017935686 0.012313784 0.012398690 0.999847293 0.000438955
0.997734189 0.066391952 -0.010891308 -0.008488223 -0.066481516 0.997754931 -0.008078132 0.017040910 0.010330534 0.008783898 0.999908030 0.001424364
0.997918069 0.063937940 -0.008456653 -0.007502647 -0.063963458 0.997948349 -0.002781638 0.016857227 0.008261451 0.003316764 0.999960363 0.002700896
0.997889459 0.064546220 -0.007098050 -0.006637800 -0.064544685 0.997914732 0.000445315 0.017362610 0.007111992 0.000013766 0.999974728 0.003199319
0.997788548 0.066159159 -0.006399791 -0.005861332 -0.066142425 0.997806311 0.002792640 0.017969120 0.006570511 -0.002363167 0.999975622 0.003010373
0.997803569 0.066079155 -0.004646275 -0.005129835 -0.066046432 0.997792840 0.006875144 0.020125844 0.005090324 -0.006553174 0.999965549 0.003731436
0.997814775 0.066060230 -0.001293146 -0.003940020 -0.066039048 0.997739017 0.012475727 0.023223754 0.002114372 -0.012363067 0.999921322 0.004097604
0.997961104 0.063810356 0.001381511 -0.003210577 -0.063824922 0.997796178 0.018142061 0.025043933 -0.000220815 -0.018193247 0.999834478 0.004302790
0.998148978 0.060693219 0.003868674 -0.003124675 -0.060764126 0.997908056 0.022074698 0.026580235 -0.002520797 -0.022268914 0.999748826 0.001841274
0.998284280 0.058363568 0.004713519 -0.002549238 -0.058463093 0.997980475 0.024839511 0.028631039 -0.003254277 -0.025072459 0.999680340 0.001898188
0.998234093 0.059126195 0.005729435 -0.003542697 -0.059262827 0.997858584 0.027680330 0.030921254 -0.004080533 -0.027970990 0.999600410 0.001175223
0.998086154 0.061429124 0.007109466 -0.004044980 -0.061625015 0.997594237 0.031750936 0.032246534 -0.005141930 -0.032128289 0.999470532 0.001373457
0.997818947 0.065512374 0.008090619 -0.004796386 -0.065758340 0.997213125 0.035240296 0.034140538 -0.005759397 -0.035695460 0.999346137 0.000758080
0.997719705 0.067050010 0.007725133 -0.005041097 -0.067293644 0.997030079 0.037451494 0.035061046 -0.005191067 -0.037885945 0.999268591 -0.000051573
0.997690439 0.067523271 0.007374866 -0.005970949 -0.067757435 0.996966004 0.038311291 0.034576643 -0.004765587 -0.038722511 0.999238610 -0.001427407
0.997638881 0.068376280 0.006432200 -0.007024710 -0.068566158 0.996980488 0.036449097 0.034707680 -0.003920524 -0.036804069 0.999314785 -0.001646816
0.997530520 0.070064433 0.004883101 -0.007390552 -0.070193522 0.996909082 0.035287116 0.033880405 -0.002395636 -0.035542738 0.999365270 -0.001702912
0.997408032 0.071846746 0.003906286 -0.008248503 -0.071938798 0.996815622 0.034400687 0.032672066 -0.001422269 -0.034592535 0.999400496 -0.001237288
0.997418106 0.071753502 0.002922955 -0.008430670 -0.071810775 0.996881962 0.032703917 0.031609442 -0.000567220 -0.032829382 0.999460816 -0.001096356
0.997533202 0.070192963 0.000637009 -0.008875908 -0.070180275 0.997079492 0.030120028 0.029381290 0.001479065 -0.030090434 0.999546111 -0.000052380
0.997621536 0.068896078 -0.002139445 -0.009980797 -0.068814874 0.997273386 0.026651084 0.026178015 0.003969766 -0.026440470 0.999642491 0.000209328
0.997646511 0.068483330 -0.003395692 -0.011214984 -0.068391182 0.997409463 0.022293188 0.021429094 0.004913607 -0.022008484 0.999745727 0.000140164
0.997715354 0.067367420 -0.005072066 -0.011123213 -0.067297161 0.997649074 0.012940262 0.018018996 0.005931894 -0.012569361 0.999903381 0.002958727
0.997750640 0.066942595 -0.003513757 -0.014867710 -0.066940948 0.997756779 0.000584027 0.007617929 0.003544971 -0.000347500 0.999993682 0.002160122
0.998250961 0.058718625 -0.006868089 -0.012496499 -0.058840387 0.998084247 -0.019122887 0.002014240 0.005732062 0.019493561 0.999793530 0.006723914
0.998707831 0.050598051 -0.004738391 -0.012746773 -0.050742712 0.997977555 -0.038287878 -0.006638560 0.002791517 0.038478844 0.999255538 0.008189297
0.999027610 0.044039316 -0.002084259 -0.011936616 -0.044085175 0.997242510 -0.059698530 -0.016175723 -0.000550570 0.059732363 0.998214304 0.010057595
0.999243200 0.038883485 -0.001059710 -0.009669037 -0.038834982 0.995706856 -0.084022328 -0.024113610 -0.002211920 0.083999895 0.996463299 0.012558700
0.999208033 0.039769880 0.001300683 -0.011208053 -0.039400347 0.993435800 -0.107391194 -0.034138586 -0.005563079 0.107254893 0.994215965 0.013688676
0.999281585 0.037667237 0.004186617 -0.009928240 -0.036834188 0.991260648 -0.126671210 -0.045617368 -0.008921384 0.126425996 0.991935909 0.009227884
0.999297202 0.036394160 0.008978120 -0.008563980 -0.034710243 0.988825798 -0.144978613 -0.054335188 -0.014154171 0.144565091 0.989394069 0.011973915
0.999317169 0.034114353 0.014191378 -0.006262605 -0.031373348 0.986326933 -0.161786750 -0.066135190 -0.019516587 0.161231056 0.986723721 0.011436416
0.999278784 0.033152264 0.018517386 -0.000643726 -0.029293105 0.983295798 -0.179642260 -0.080546841 -0.024163615 0.178970262 0.983557701 0.020967247
0.999369264 0.026900532 0.023183631 0.003875489 -0.021657364 0.979054391 -0.202443674 -0.089180872 -0.028143879 0.201813892 0.979019463 0.020257948
0.999463618 0.016406050 0.028343108 0.009188354 -0.009626752 0.974413097 -0.224558368 -0.098087080 -0.031302009 0.224165067 0.974048376 0.022799373
0.999441564 0.004844605 0.033062324 0.015754120 0.003424077 0.969378173 -0.245548949 -0.107848160 -0.033239480 0.245525032 0.968820214 0.024506643
0.999227047 -0.006240474 0.038811747 0.021057334 0.016265308 0.964472413 -0.263682306 -0.120523736 -0.035787359 0.264109790 0.963828444 0.023850152
0.999116898 -0.012053672 0.040250976 0.030168653 0.022753606 0.960559487 -0.277142197 -0.130149260 -0.035322875 0.277813286 0.959985435 0.025709655
0.999037445 -0.013352138 0.041783441 0.032809403 0.024867039 0.957089126 -0.288724869 -0.135359466 -0.036135383 0.289486021 0.956499934 0.025352651
0.998921335 -0.018860046 0.042432502 0.041070566 0.030726636 0.953601480 -0.299499810 -0.144873127 -0.034815118 0.300480545 0.953152299 0.026988732
0.998807669 -0.024045255 0.042485479 0.049534135 0.036036380 0.950254321 -0.309383482 -0.152444750 -0.032932807 0.310545623 0.949987829 0.024545096
0.998522103 -0.028613292 0.046204824 0.047835473 0.041913167 0.946642637 -0.319548070 -0.155844837 -0.034596138 0.321012378 0.946442902 0.024386112
0.998177052 -0.036648184 0.047953121 0.052373394 0.050299484 0.944244981 -0.325378776 -0.168495849 -0.033354957 0.327197641 0.944367051 0.021046430
0.997830391 -0.045423616 0.047656707 0.062836789 0.058585182 0.942874670 -0.327955961 -0.180817515 -0.030037360 0.330036402 0.943490207 0.022473209
0.997468412 -0.049078263 0.051459301 0.061892048 0.063412838 0.941372037 -0.331357032 -0.185087010 -0.032179926 0.333781362 0.942101121 0.021266205
0.997253180 -0.053049039 0.051689897 0.067740716 0.067299768 0.940431774 -0.333254904 -0.188449383 -0.030931972 0.335818231 0.941418767 0.023399698
0.996932149 -0.058484338 0.052017707 0.072352596 0.072560050 0.939760625 -0.334043384 -0.191041604 -0.029347891 0.336793005 0.941121221 0.025464548
0.996686816 -0.061094459 0.053692773 0.071450114 0.075594768 0.939420819 -0.334326178 -0.196955234 -0.030014634 0.337277383 0.940926731 0.022312680
0.996573269 -0.063929044 0.052485682 0.073610425 0.077913180 0.938572943 -0.336170226 -0.197659910 -0.027770599 0.339107603 0.940337598 0.023302868
0.996377349 -0.067934409 0.051157221 0.079083487 0.081258848 0.937956572 -0.337097168 -0.197177306 -0.025082754 0.340032965 0.940078974 0.026423428
0.996197939 -0.069872856 0.052033201 0.078932911 0.083328411 0.938487113 -0.335109413 -0.200471804 -0.025417440 0.338171154 0.940741301 0.024799161
0.996166289 -0.070655152 0.051580369 0.078347765 0.083837815 0.939440787 -0.332298398 -0.199230999 -0.024978114 0.335348874 0.941762865 0.025768857
0.996249974 -0.070459254 0.050214868 0.082294911 0.083040729 0.941625714 -0.326259404 -0.196502805 -0.024295615 0.329205811 0.943945587 0.030432109
0.996608138 -0.064163640 0.051528823 0.076642685 0.077292517 0.944780350 -0.318458766 -0.197070405 -0.028249944 0.321361393 0.946535170 0.029188652
0.996927440 -0.061531227 0.048472229 0.080904774 0.073711649 0.946295857 -0.314786792 -0.193436891 -0.026499853 0.317392588 0.947923899 0.035895772
0.996977389 -0.061007634 0.048106115 0.072065078 0.072945155 0.948159456 -0.309309930 -0.199146017 -0.026742002 0.311884105 0.949743748 0.029980913
0.997441590 -0.058033492 0.041742545 0.067712791 0.068207756 0.947408020 -0.312675148 -0.194511831 -0.021401590 0.314722359 0.948942482 0.029207027
0.997996509 -0.052607827 0.035148423 0.064016461 0.061011404 0.947297156 -0.314492792 -0.197137371 -0.016751220 0.316007167 0.948608935 0.029848518
0.998423815 -0.046196409 0.031871479 0.058372788 0.053880826 0.947912633 -0.313940227 -0.199025288 -0.015708469 0.315162659 0.948907673 0.028079491
0.998805583 -0.038883422 0.029588299 0.054909293 0.046224598 0.948185444 -0.314336866 -0.193770558 -0.015832704 0.315329134 0.948850274 0.031311031
0.999084413 -0.034690384 0.025037335 0.052953959 0.040763553 0.949538350 -0.310990810 -0.192546204 -0.012985519 0.311726689 0.950083077 0.036739893
0.999287903 -0.031574830 0.020655733 0.048282959 0.036387235 0.951262355 -0.306228608 -0.188613147 -0.009979904 0.306762159 0.951733887 0.038920645
0.999375463 -0.030587563 0.017693553 0.040284891 0.034489781 0.953292966 -0.300071567 -0.189217299 -0.007688683 0.300494403 0.953752577 0.039358277
0.999508321 -0.029155942 0.011532424 0.036866251 0.031265441 0.954426825 -0.296802759 -0.184682786 -0.002353292 0.297017395 0.954869151 0.044574697
0.999653578 -0.025651580 0.005889995 0.027926007 0.026254177 0.956185281 -0.291582674 -0.179401889 0.001847629 0.291636288 0.956527472 0.045971662
0.999834120 -0.018176770 -0.001174508 0.019812683 0.017098816 0.958851635 -0.283392251 -0.172490194 0.006277334 0.283325166 0.959003389 0.050137445
0.999815047 -0.016496494 -0.009885957 0.016737765 0.013206785 0.962600052 -0.270604432 -0.174167648 0.013980246 0.270423830 0.962639868 0.053994957
0.999760985 -0.009424583 -0.019727735 0.012029786 0.003934910 0.965149343 -0.261670232 -0.170003742 0.021506343 0.261530071 0.964955688 0.061562628
0.999620080 -0.002720954 -0.027427951 0.004938707 -0.004278980 0.967730463 -0.251951218 -0.166605979 0.027228411 0.251972854 0.967351198 0.065343060
0.999431849 0.005194289 -0.033300985 -0.003614340 -0.013012097 0.970913410 -0.239077061 -0.165543318 0.031090537 0.239374548 0.970429420 0.068256445
0.999306738 0.006799459 -0.036603048 -0.011767290 -0.014904603 0.974018455 -0.225977704 -0.165314019 0.034115516 0.226366609 0.973444521 0.065530129
0.999170363 0.005610514 -0.040336806 -0.017423142 -0.014238367 0.976083517 -0.216929033 -0.160050362 0.038155012 0.217323393 0.975353658 0.070159070
0.999091685 0.004224918 -0.042402640 -0.020021820 -0.012920761 0.978262603 -0.206966951 -0.158532307 0.040606499 0.207326829 0.977428615 0.074067727
0.999165535 0.000786563 -0.040836520 -0.025180200 -0.008745201 0.980747879 -0.195082337 -0.156307340 0.039896887 0.195276678 0.979936361 0.077091016
0.999151289 -0.004037340 -0.040992323 -0.029292962 -0.003644703 0.982615888 -0.185614407 -0.152237445 0.041029099 0.185606286 0.981767237 0.080589809
0.999141037 -0.005912445 -0.041015413 -0.034530912 -0.001452358 0.984165013 -0.177248746 -0.150274217 0.041413911 0.177156061 0.983311057 0.082773559
0.999089956 -0.006945418 -0.042084113 -0.039387647 -0.000282847 0.985552967 -0.169367179 -0.148623392 0.042652451 0.169224948 0.984654069 0.085026085
0.998925865 -0.009359146 -0.045381326 -0.043104414 0.001762647 0.986355424 -0.164620399 -0.148678601 0.046302825 0.164363578 0.985312462 0.086833172
0.998631120 -0.011628613 -0.050996210 -0.048828438 0.003045688 0.986246884 -0.165250793 -0.145033315 0.052216493 0.164869279 0.984932244 0.087464221
0.998224497 -0.012116792 -0.058318146 -0.054648083 0.002343317 0.986321151 -0.164818212 -0.143942311 0.059517488 0.164388925 0.984598398 0.087786011
0.997801483 -0.009916263 -0.065527573 -0.059675120 -0.000943090 0.986518025 -0.163650036 -0.143906713 0.066266924 0.163352042 0.984339774 0.088109180
0.997448444 -0.007016594 -0.071045116 -0.067157030 -0.004751608 0.986426771 -0.164132893 -0.140972227 0.071232460 0.164051682 0.983876526 0.087627836
0.996986568 -0.003834587 -0.077479266 -0.071979105 -0.008817845 0.986702085 -0.162299797 -0.142493963 0.077071302 0.162493929 0.983694971 0.087942384
0.996538460 -0.001384552 -0.083121799 -0.074966557 -0.012210125 0.986580372 -0.162819296 -0.135570168 0.082231767 0.163270608 0.983148336 0.090510719
0.996163368 -0.000118805 -0.087512910 -0.080756240 -0.013964661 0.986969531 -0.160300240 -0.134539574 0.086391620 0.160907313 0.983181238 0.089692965
0.995688260 -0.001218835 -0.092754595 -0.083245508 -0.013555060 0.987268806 -0.158481985 -0.130092233 0.091766886 0.159055933 0.982995450 0.091582626
0.995376527 0.001455792 -0.096038528 -0.088046953 -0.016159330 0.988171101 -0.152501762 -0.127511695 0.094680488 0.153348595 0.983625829 0.091500610
0.995287776 0.005419827 -0.096813366 -0.093168847 -0.019516487 0.989200830 -0.145261183 -0.124257959 0.094980568 0.146466136 0.984645307 0.090293624
0.995084465 0.006580707 -0.098810814 -0.095899455 -0.020357782 0.990072250 -0.139077261 -0.122462362 0.096914619 0.140405193 0.985339522 0.088843934
0.994621634 0.008333669 -0.103239268 -0.096800283 -0.022489969 0.990353227 -0.136728346 -0.117432840 0.101103894 0.138314813 0.985214174 0.088883087
0.994433641 0.010176281 -0.104871936 -0.099003255 -0.024223132 0.990745306 -0.133555233 -0.113524996 0.102542281 0.135352150 0.985476971 0.088127241
0.994354010 0.013735369 -0.105220973 -0.099864349 -0.027338954 0.991273105 -0.128958091 -0.111818552 0.102531441 0.131106630 0.986051917 0.085644223
0.994228542 0.021079881 -0.105191402 -0.100928590 -0.034084398 0.991770744 -0.123406202 -0.109449968 0.101724364 0.126279354 0.986765265 0.084408380
0.994186342 0.028079705 -0.103947386 -0.099570200 -0.040316038 0.992247581 -0.117555976 -0.106768884 0.099840596 0.121063292 0.987610996 0.082158498
0.993977547 0.033562642 -0.104317486 -0.098245710 -0.045269366 0.992680669 -0.111963518 -0.105059057 0.099796154 0.116011612 0.988221645 0.078809053
0.993368924 0.040002808 -0.107786551 -0.096111305 -0.051701058 0.992803216 -0.108021863 -0.103418186 0.102689661 0.112878241 0.988288105 0.075337522
0.992774606 0.045317486 -0.111107431 -0.093694255 -0.057333730 0.992555082 -0.107457921 -0.100566737 0.105410531 0.113051705 0.987981737 0.070672877
0.992355227 0.045272805 -0.114810549 -0.090808667 -0.057630137 0.992619097 -0.106705539 -0.101479895 0.109132282 0.112506345 0.987639844 0.065195225
0.992337584 0.042521611 -0.116008759 -0.087957337 -0.055400115 0.992369711 -0.110150836 -0.101854876 0.110439785 0.115733713 0.987121463 0.058185082
0.992084146 0.038457282 -0.119541317 -0.084404923 -0.052507419 0.991778016 -0.116701804 -0.101531088 0.114070423 0.122054808 0.985946536 0.052760035
0.992042959 0.032786697 -0.121555746 -0.081724443 -0.047968417 0.991102695 -0.124154940 -0.103653207 0.116403602 0.128997862 0.984789193 0.045424111
0.991495490 0.030649640 -0.126480311 -0.079056948 -0.047319576 0.990255296 -0.130978316 -0.106737107 0.121233359 0.135849401 0.983283997 0.038558900
0.990643799 0.034275204 -0.132098734 -0.078329958 -0.052147411 0.989566565 -0.134307995 -0.109808810 0.126117066 0.139939994 0.982095361 0.030442314
0.989905059 0.038075346 -0.136522114 -0.077517979 -0.056580015 0.989318907 -0.134338543 -0.111306906 0.129948914 0.140706822 0.981486082 0.023170641
0.988878250 0.040175032 -0.143198565 -0.077258624 -0.060154520 0.988596797 -0.138050199 -0.112716362 0.136019468 0.145128876 0.980018556 0.016287755
0.987867415 0.039907772 -0.150084481 -0.080122083 -0.061988268 0.987421155 -0.145454183 -0.116507515 0.142391846 0.152992919 0.977914989 0.007904196
0.986482382 0.035750534 -0.159920156 -0.085070089 -0.060382269 0.986545265 -0.151929110 -0.124439485 0.152336925 0.159531727 0.975368202 0.000427066
0.984563828 0.026682541 -0.172979966 -0.084692813 -0.054888558 0.985525727 -0.160394087 -0.127059430 0.166196495 0.167412832 0.971777558 -0.004180124
0.983196855 0.018207705 -0.181638241 -0.086518742 -0.049166549 0.984656870 -0.167432010 -0.131017789 0.175802797 0.173549160 0.969006717 -0.009186042
0.982124567 0.010417911 -0.187943742 -0.089572445 -0.043432865 0.984066129 -0.172416359 -0.135748848 0.183152869 0.177497268 0.966928005 -0.014099536
0.981023669 0.004381260 -0.193838403 -0.091443516 -0.038841888 0.983918905 -0.174341187 -0.139786720 0.189957440 0.178561881 0.965417981 -0.018382877
0.979529381 -0.000097777 -0.201301306 -0.085585408 -0.035858709 0.983921289 -0.174965903 -0.139831796 0.198081747 0.178602636 0.963776290 -0.017754532
0.979130626 0.000645219 -0.203230783 -0.086755782 -0.036044884 0.984692693 -0.170531794 -0.142233536 0.200009838 0.174298331 0.964166045 -0.020615194
0.979553521 -0.001960105 -0.201174080 -0.088786781 -0.032810654 0.985008240 -0.169358373 -0.145292863 0.198490083 0.172496244 0.964803994 -0.023281934
0.979098320 -0.007931215 -0.203232899 -0.090734169 -0.028872995 0.983699322 -0.177488163 -0.146907106 0.201327756 0.179646298 0.962909341 -0.024338532
0.977494895 -0.018590709 -0.210138217 -0.087778993 -0.021060539 0.982533455 -0.184890524 -0.149251401 0.209905073 0.185155183 0.960029900 -0.025781535
0.976446688 -0.025985051 -0.214188471 -0.084416509 -0.014608842 0.982480466 -0.185792267 -0.150224134 0.215263799 0.184545293 0.958960116 -0.026403088
0.976698279 -0.029732134 -0.212547585 -0.084015891 -0.009775161 0.983166754 -0.182448715 -0.153032452 0.214394316 0.180275038 0.959966660 -0.028327852
0.977782607 -0.031815462 -0.207193092 -0.084170245 -0.006351613 0.983464420 -0.180989981 -0.153213724 0.209525317 0.178284869 0.961412311 -0.029954985
0.978904009 -0.034081515 -0.201458097 -0.081892408 -0.002932731 0.983544767 -0.180640846 -0.152244702 0.204299569 0.177420884 0.962695956 -0.029839400
0.980324984 -0.036151003 -0.194051608 -0.080508389 0.000972047 0.983958185 -0.178396642 -0.152904838 0.197387889 0.174698070 0.964633942 -0.029441932
0.981516540 -0.037306387 -0.187705860 -0.078571036 0.002900720 0.983603299 -0.180322468 -0.151484713 0.191355273 0.176445007 0.965531111 -0.029416306
0.982580423 -0.036941554 -0.182129115 -0.076220296 0.003554367 0.983599842 -0.180329517 -0.151496828 0.185803816 0.176540911 0.966597259 -0.027550353
0.983500957 -0.033909220 -0.177696541 -0.075999781 0.003246123 0.985425115 -0.170078918 -0.149572372 0.180873871 0.166695952 0.969276607 -0.025581731
0.983988047 -0.028870294 -0.175880566 -0.073922597 0.000954122 0.987633228 -0.156779230 -0.146943763 0.178231746 0.154101089 0.971846879 -0.021867076
0.984278798 -0.019698229 -0.175519973 -0.072087526 -0.005851803 0.989578724 -0.143873975 -0.147454247 0.176524892 0.142639205 0.973906040 -0.020226905
0.984995902 -0.008309633 -0.172377482 -0.077114508 -0.014028835 0.991679072 -0.127968207 -0.147983819 0.172006503 0.128466412 0.976683259 -0.019240877
0.985473275 0.002919774 -0.169805616 -0.077502027 -0.021651290 0.993853569 -0.108564958 -0.148641571 0.168444932 0.110664375 0.979479313 -0.018739389
0.985793412 0.015647674 -0.167231932 -0.077097535 -0.030752791 0.995635033 -0.088120289 -0.148528680 0.165123090 0.092011251 0.981971622 -0.018177314
0.985702455 0.022282338 -0.167015448 -0.071396932 -0.035504311 0.996429324 -0.076603174 -0.148223609 0.164712191 0.081437707 0.982973933 -0.015734853
0.985611737 0.028885636 -0.166538611 -0.070218682 -0.041610483 0.996431828 -0.073431723 -0.151320159 0.163823247 0.079304919 0.983296812 -0.017282238
0.985319257 0.031030132 -0.167878166 -0.068495370 -0.043796621 0.996378183 -0.072885633 -0.152572498 0.165008500 0.079168119 0.983109653 -0.017056610
0.984854817 0.032939389 -0.170223281 -0.066677608 -0.045958713 0.996263802 -0.073117711 -0.154595584 0.167178839 0.079833575 0.982689083 -0.017956166
0.984475076 0.035870224 -0.171820059 -0.064771846 -0.049644724 0.995828807 -0.076553285 -0.156240374 0.168357372 0.083894767 0.982149422 -0.018098203
0.984165668 0.039866310 -0.172709584 -0.060648549 -0.054144152 0.995421946 -0.078762375 -0.157850400 0.168778941 0.086866438 0.981818676 -0.020324431
0.984805405 0.042554792 -0.168367043 -0.061830480 -0.056799952 0.995117426 -0.080715813 -0.158904508 0.164110139 0.089052603 0.982414126 -0.022869922
0.985454440 0.044087838 -0.164121181 -0.058734689 -0.059113335 0.994380713 -0.087821715 -0.157916993 0.159327075 0.096246056 0.982523084 -0.023580190
0.986569822 0.041058317 -0.158095583 -0.057118401 -0.056650832 0.993823886 -0.095418625 -0.158948049 0.153201446 0.103093378 0.982802689 -0.024155596
0.987362087 0.031115139 -0.155395985 -0.051963657 -0.047116198 0.993833721 -0.100372463 -0.160282508 0.151314661 0.106425636 0.982739747 -0.022736723
0.987047732 0.020277753 -0.159139976 -0.050419215 -0.036978163 0.994025528 -0.102693297 -0.159016490 0.156106815 0.107247889 0.981900454 -0.021078056
0.986891389 0.020772934 -0.160043493 -0.049265634 -0.036740676 0.994560242 -0.097468026 -0.159073293 0.157148197 0.102070458 0.982286155 -0.019903129
0.988603830 0.031082310 -0.147297010 -0.055421375 -0.044107359 0.995318115 -0.086002536 -0.162667647 0.143934220 0.091519319 0.985346198 -0.020989873
0.990453959 0.035272695 -0.133254409 -0.052588049 -0.046672381 0.995421171 -0.083416820 -0.164931029 0.129701927 0.088839822 0.987565160 -0.016339542
0.991247833 0.033848304 -0.127600923 -0.045403603 -0.045532614 0.994919002 -0.089793928 -0.161608040 0.123913214 0.094818041 0.987752557 -0.011407251
0.991256475 0.034546413 -0.127346367 -0.043108668 -0.046276934 0.994835317 -0.090338826 -0.162586898 0.123567775 0.095442146 0.987735689 -0.008189234
0.991222203 0.040880814 -0.125727251 -0.042260107 -0.052102230 0.994818687 -0.087299243 -0.160981685 0.121506952 0.093083613 0.988216341 -0.005903037
0.992541194 0.047249869 -0.112380691 -0.048659164 -0.056142330 0.995423913 -0.077325791 -0.164366677 0.108212799 0.083058350 0.990651965 -0.006870643
0.994135678 0.045112371 -0.098280810 -0.045284923 -0.052479215 0.995898068 -0.073708557 -0.164645061 0.094552502 0.078434005 0.992425263 -0.001550954
0.995227516 0.036723509 -0.090407588 -0.037375677 -0.043898612 0.995931387 -0.078699276 -0.161587983 0.087149635 0.082292460 0.992790461 0.002118869
0.996196032 0.030049792 -0.081795573 -0.038219195 -0.036830835 0.995893836 -0.082697973 -0.161856413 0.078974649 0.085395992 0.993212223 0.005371854
0.997023642 0.020830056 -0.074228816 -0.034945738 -0.027373513 0.995721698 -0.088255525 -0.163011178 0.072072878 0.090024754 0.993328273 0.008182347
0.998034239 0.016160402 -0.060551882 -0.036901582 -0.022067709 0.994922340 -0.098196507 -0.164346501 0.058657527 0.099339716 0.993323147 0.009515679
0.999071240 0.013262245 -0.040997434 -0.035037305 -0.017410606 0.994575858 -0.102546073 -0.168649167 0.039415069 0.103164621 0.993883073 0.011538255
0.999767661 0.007116348 -0.020346653 -0.032457948 -0.009121078 0.994925559 -0.100199409 -0.171160638 0.019530352 0.100361705 0.994759321 0.014531107
0.999992728 0.002293017 0.003047878 -0.027636480 -0.001998418 0.995629132 -0.093373373 -0.174612626 -0.003248663 0.093366601 0.995626509 0.017666470
0.999691486 0.000727419 0.024827626 -0.024683349 0.001423613 0.996249855 -0.086511083 -0.175675064 -0.024797449 0.086519733 0.995941460 0.021085503
0.999223411 -0.000272669 0.039402019 -0.020092925 0.003393327 0.996856511 -0.079155341 -0.180891082 -0.039256576 0.079227574 0.996083260 0.020786801
0.998832524 0.000492343 0.048305057 -0.016146241 0.003021768 0.997353017 -0.072648287 -0.184079453 -0.048212964 0.072709434 0.996187150 0.020654067
0.998630762 0.002738880 0.052241009 -0.016692625 0.000865090 0.997627318 -0.068840303 -0.191123858 -0.052305602 0.068791233 0.996258974 0.017778644
0.998432994 0.011727518 0.054717984 -0.024581097 -0.008211909 0.997913718 -0.064037651 -0.195208251 -0.055354826 0.063487962 0.996446252 0.017485578
0.998312414 0.017853031 0.055259656 -0.027257236 -0.014893220 0.998455822 -0.053517837 -0.202076659 -0.056129780 0.052604526 0.997036695 0.015500162
0.998197913 0.013150182 0.058549453 -0.032997433 -0.009779336 0.998298109 -0.057491399 -0.208475381 -0.059205830 0.056815218 0.996627688 0.011927048
0.998363554 -0.001861784 0.057155870 -0.043878425 0.006540409 0.996628940 -0.081779853 -0.225349694 -0.056810938 0.082019851 0.995010197 0.003204620
0.998599291 -0.010279367 0.051901929 -0.043472089 0.017141644 0.990892828 -0.133557349 -0.215668827 -0.050056364 0.134259954 0.989681065 0.001663867
0.998471320 -0.018748749 0.051994808 -0.036528256 0.026912007 0.986579359 -0.161049575 -0.231800094 -0.048277523 0.162202671 0.985575736 0.009810209
0.998027027 -0.030545633 0.054854020 -0.036703814 0.039859600 0.983282328 -0.177671164 -0.241234422 -0.048509914 0.179507077 0.982559919 0.014165232
0.997746944 -0.037123021 0.055882800 -0.041135274 0.046719734 0.982255936 -0.181633130 -0.251911193 -0.048148442 0.183834732 0.981777251 0.012016661
0.998535573 -0.036524091 0.039909035 -0.043467190 0.043239709 0.982158899 -0.183014393 -0.254991889 -0.032512583 0.184472024 0.982299864 0.016567944
0.999585271 -0.025044883 0.014213850 -0.053050034 0.027215388 0.982921481 -0.182001784 -0.261941105 -0.009412886 0.182313144 0.983195484 0.012497591
0.999978960 -0.001200179 -0.006377099 -0.057271440 0.000143753 0.986603141 -0.163138554 -0.260103494 0.006487461 0.163134202 0.986582577 0.012837138
0.999791861 0.009852983 -0.017865503 -0.064169250 -0.011828603 0.993400574 -0.114084788 -0.269816667 0.016623527 0.114272363 0.993310392 0.008017157
0.999339163 0.010891144 -0.034679264 -0.074145481 -0.013349527 0.997353733 -0.071465820 -0.257545143 0.033809148 0.071881548 0.996840000 -0.000665867
0.998361826 0.014411182 -0.055371203 -0.071969099 -0.015986977 0.999476671 -0.028121999 -0.258009940 0.054936953 0.028961148 0.998069704 0.002641764
0.997851849 0.007318378 -0.065100610 -0.065738909 -0.007716260 0.999953032 -0.005862468 -0.260618567 0.065054648 0.006352208 0.997861505 0.001381604
0.997282624 0.000461701 -0.073669419 -0.070474848 -0.001432200 0.999912858 -0.013121412 -0.258585662 0.073656939 0.013191266 0.997196376 -0.002300731
0.995429039 -0.006829388 -0.095259540 -0.067640126 0.004736366 0.999742746 -0.022180615 -0.257739007 0.095386513 0.021628045 0.995205343 -0.005724394
0.993603766 -0.008601530 -0.112594776 -0.067271568 0.006015834 0.999710798 -0.023284277 -0.262374222 0.112762488 0.022457995 0.993368149 -0.009107256
0.991679609 -0.004114068 -0.128665000 -0.071544714 0.001213882 0.999743581 -0.022610899 -0.268059760 0.128725037 0.022266582 0.991430283 -0.014202555
0.988865972 0.000145655 -0.148808986 -0.073744141 -0.003048834 0.999809444 -0.019281505 -0.271262407 0.148777813 0.019520517 0.988677979 -0.018611375
0.985201001 0.004565819 -0.171342030 -0.066996664 -0.007154658 0.999869347 -0.014494717 -0.272917926 0.171253458 0.015506104 0.985104978 -0.016132671
0.982772470 0.018667148 -0.183874428 -0.072573155 -0.019471312 0.999807119 -0.002568720 -0.275081843 0.183791012 0.006104743 0.982946396 -0.023567270
0.980696738 0.034515031 -0.192464709 -0.074055813 -0.032147657 0.999364316 0.015410553 -0.271329999 0.192874268 -0.008925789 0.981182873 -0.026383681
0.977840066 0.055222347 -0.201938868 -0.077141054 -0.049178064 0.998182535 0.034830842 -0.273622185 0.203495294 -0.024128033 0.978778601 -0.031701446
0.973443270 0.070694000 -0.217739582 -0.074588560 -0.063018151 0.997128010 0.042005997 -0.266486615 0.220083803 -0.027168911 0.975102544 -0.034439504
0.970798671 0.073675737 -0.228301987 -0.074270688 -0.066002019 0.996973574 0.041077595 -0.263916790 0.230637476 -0.024809686 0.972723424 -0.036791772
0.969738662 0.067486726 -0.234632701 -0.073692791 -0.059643615 0.997402966 0.040372636 -0.263037771 0.236747965 -0.025156567 0.971245348 -0.039251398
0.970467865 0.061960112 -0.233137533 -0.071678616 -0.052561808 0.997542977 0.046317421 -0.257237077 0.235434532 -0.032695435 0.971340120 -0.043197475
0.972487032 0.051633231 -0.227162808 -0.071503386 -0.040427268 0.997737765 0.053712275 -0.255600810 0.229422241 -0.043050922 0.972374439 -0.046479672
0.974627137 0.043946188 -0.219478190 -0.072556980 -0.032437705 0.997916639 0.055768482 -0.251958162 0.221471757 -0.047234111 0.974022150 -0.048107043
0.975174904 0.042954814 -0.217229843 -0.073122673 -0.033171304 0.998272836 0.048486896 -0.250002652 0.218937397 -0.040077403 0.974915504 -0.054666325
0.974203169 0.038959332 -0.222284451 -0.075022057 -0.031814393 0.998858333 0.035635296 -0.249294281 0.223418996 -0.027644174 0.974330425 -0.057983078
0.973873317 0.035121098 -0.224359751 -0.074266866 -0.029858444 0.999194622 0.026807254 -0.248090684 0.225120559 -0.019407837 0.974137604 -0.057517231
0.974399328 0.032912370 -0.222402245 -0.074787073 -0.028802074 0.999349535 0.021700501 -0.246604323 0.222971797 -0.014739309 0.974713445 -0.060479604
0.974234223 0.027376374 -0.223870978 -0.076852843 -0.023983177 0.999552786 0.017862517 -0.246482700 0.224259868 -0.012033138 0.974455118 -0.062580392
0.974131525 0.024242485 -0.224677637 -0.078372866 -0.021183768 0.999647319 0.016014762 -0.242119327 0.224986643 -0.010840967 0.974301517 -0.065164834
0.974797428 0.027022284 -0.221449375 -0.081744239 -0.023328802 0.999541938 0.019277779 -0.242479101 0.221868873 -0.013625781 0.974981308 -0.066689111
0.975018978 0.031344313 -0.219898969 -0.083262950 -0.028174445 0.999449193 0.017537272 -0.237755194 0.220327541 -0.010903643 0.975364983 -0.069225594
0.975405991 0.039246082 -0.216893807 -0.086670615 -0.037215613 0.999216855 0.013439841 -0.233989835 0.217251405 -0.005037465 0.976102710 -0.070043959
0.975367486 0.051073503 -0.214591980 -0.088483892 -0.051335290 0.998671949 0.004356647 -0.227834970 0.214529499 0.006766809 0.976694047 -0.072785683
0.975413501 0.065121084 -0.210541680 -0.091808289 -0.067193113 0.997736335 -0.002694946 -0.224828035 0.209889591 0.016775638 0.977581143 -0.075834379
